# xsize ysize

390 200

# Each line below corresponds to a net
# Format for one line is: <top_term_x> <bottom_term_x> <minL> <maxL>

1 1 200 201
2 2 355 356
3 3 220 221
4 5 358 359
5 6 240 241
6 7 201 202
7 8 201 202
8 9 285 286
9 11 247 248
10 12 203 204
11 14 341 342
14 15 201 202
16 17 294 295
17 18 222 223
19 21 239 240
21 23 208 209
23 24 234 235
24 25 271 272
25 26 273 274
26 27 201 202
27 28 244 245
28 29 329 330
29 30 201 202
30 31 201 202
31 32 305 306
33 35 202 203
37 36 201 202
38 37 319 320
39 38 256 257
42 42 235 236
43 43 200 201
44 44 200 201
45 47 202 203
46 48 227 228
47 51 204 205
48 53 205 206
49 55 290 291
50 58 342 343
51 59 374 375
54 60 313 314
55 61 358 359
56 62 206 207
57 63 242 243
60 65 205 206
62 68 298 299
63 69 294 295
64 70 390 391
65 71 206 207
66 72 206 207
67 74 268 269
68 75 242 243
69 76 212 213
70 77 278 279
72 82 210 211
73 83 210 211
74 85 216 217
75 86 211 212
78 87 209 210
79 88 238 239
81 92 277 278
82 95 232 233
83 96 213 214
86 99 213 214
87 100 213 214
88 101 290 291
89 102 232 233
90 103 213 214
91 104 334 335
92 109 235 236
93 110 291 292
94 111 217 218
96 112 225 226
97 113 269 270
99 114 233 234
100 115 215 216
101 118 217 218
102 119 217 218
103 122 219 220
104 123 232 233
106 124 218 219
107 125 335 336
108 128 257 258
109 129 220 221
110 130 234 235
111 131 220 221
114 132 394 395
115 133 272 273
116 134 218 219
117 137 374 375
118 139 237 238
119 142 429 430
120 145 225 226
121 146 225 226
122 147 254 255
123 148 230 231
124 149 225 226
125 150 371 372
130 156 247 248
131 157 304 305
132 159 227 228
133 160 361 362
135 161 226 227
136 162 226 227
137 166 316 317
138 167 245 246
140 168 228 229
141 169 338 339
147 170 223 224
148 171 284 285
151 172 221 222
152 174 222 223
153 175 248 249
155 176 256 257
157 177 304 305
160 178 218 219
161 179 218 219
162 180 292 293
163 181 347 348
164 183 219 220
165 184 323 324
167 187 220 221
169 190 221 222
171 192 237 238
172 193 234 235
180 194 268 269
182 195 213 214
183 200 229 230
184 202 218 219
185 208 251 252
186 209 358 359
187 210 399 400
189 213 224 225
190 215 225 226
192 216 224 225
194 217 223 224
195 218 225 226
196 219 223 224
197 220 326 327
200 221 351 352
201 222 221 222
202 223 242 243
206 224 218 219
207 225 218 219
208 226 220 221
210 227 217 218
211 228 393 394
213 229 291 292
216 230 228 229
217 232 359 360
218 233 215 216
219 234 222 223
220 235 270 271
221 236 276 277
222 237 329 330
223 239 256 257
226 241 215 216
227 242 215 216
228 243 296 297
230 244 308 309
234 245 314 315
235 246 360 361
236 247 291 292
237 248 211 212
238 249 334 335
243 251 208 209
245 252 391 392
246 254 226 227
247 257 210 211
251 258 234 235
252 259 212 213
257 260 224 225
258 264 206 207
259 265 255 256
260 266 211 212
261 267 206 207
262 268 206 207
263 269 402 403
264 270 206 207
266 271 219 220
267 272 238 239
268 274 397 398
270 275 205 206
272 277 205 206
273 278 309 310
274 281 279 280
275 283 232 233
276 284 329 330
277 285 365 366
279 286 297 298
280 287 207 208
281 288 350 351
282 289 229 230
283 291 248 249
285 295 210 211
288 296 292 293
289 297 255 256
293 298 206 207
294 301 207 208
300 304 204 205
301 305 215 216
302 306 261 262
303 307 278 279
305 308 258 259
310 309 201 202
311 310 201 202
313 311 212 213
314 314 249 250
315 315 200 201
316 316 200 201
318 317 203 204
319 321 224 225
320 322 340 341
321 323 240 241
322 331 248 249
324 332 278 279
325 333 208 209
329 335 317 318
330 336 333 334
333 337 286 287
334 338 204 205
335 340 312 313
336 341 250 251
338 342 285 286
339 343 270 271
340 345 254 255
341 347 309 310
342 348 228 229
343 349 206 207
344 350 206 207
347 351 204 205
348 352 223 224
351 356 205 206
352 358 266 267
353 360 249 250
354 361 207 208
356 362 233 234
359 363 204 205
360 368 208 209
361 369 208 209
363 370 207 208
365 371 206 207
370 372 202 203
371 373 202 203
372 374 202 203
373 380 336 337
374 381 240 241
376 382 267 268
377 384 212 213
378 385 207 208
379 389 210 211
